tr2:
  joint_offsets:
    JointBaseWheelL: -387.6062654829693
    JointBaseWheelR: -0.48473792897189455
    JointHeadPan: -1.1290098598839062
    JointHeadTilt: 0.24543692606171863
    JointArm0: 0.6913140084071747
    JointArm1: -2.2825634123739844
    JointArm2: -0.0
    JointArm3: -2.19052456510084
    JointArm4: -0.38656315854720696
    JointArmGripper: 0.8528933180644724
    base_to_body: -0.0
    base_to_wheel1: -0.0
    base_to_wheel2: -0.0
    base_to_wheel3: -0.0
    base_to_wheel4: -0.0
  joint_read_ratio:
    JointHeadPan: -1.0
    JointHeadTilt: -1.0
    JointArm0: 1.0
    JointArm1: 1.0
    JointArm2: 1.0
    JointArm3: 1.0
    JointArm4: 1.0
    JointArmGripper: 1.0
